ffffffffffffffffffffff
aaaaaaaaaaaaaaaaaaaaaaa
aaaaaaaaaaaaaaaaaaaaaaa
ooooooooooooooooooooooo
rrrrrrrrrrrrrrrrrrrrrrrrr
6666666666666666666666666
66666666666666666666666666
111111111111111111111111
111111111111111111111111
111111111111111111111111
111111111111111111111111
111111111111111111111111
6666666666666666666666666
66666666666666666666666666
111111111111111111111111
111111111111111111111111
111111111111111111111111
111111111111111111111111
111111111111111111111111
6666666666666666666666666
66666666666666666666666666
111111111111111111111111
111111111111111111111111
111111111111111111111111
111111111111111111111111
111111111111111111111111
6666666666666666666666666
66666666666666666666666666
111111111111111111111111
111111111111111111111111
111111111111111111111111
111111111111111111111111
111111111111111111111111
6666666666666666666666666
66666666666666666666666666
111111111111111111111111
111111111111111111111111
111111111111111111111111
111111111111111111111111
111111111111111111111111
111111111111111111111111
111111111111111111111111
111111111111111111111111
111111111111111111111111
111111111111111111111111
qwqwq
qwqw222222222222222222222222
3333q
w33333333333333333333
4q
44444444444444444444444
wq
555555555555555555555555
<<<<<<< HEAD
666666666666666666666666
777777777777777777777777
888888888888888888888888
555555555555555555555555
666666666666666666666666
777777777777777777777777
888888888888888888888888
555555555555555555555555
666666666666666666666666
777777777777777777777777
888888888888888888888888
555555555555555555555555
666666666666666666666666
555555555555555555555555
666666666666666666666666
777777777777777777777777
888888888888888888888888
555555555555555555555555
666666666666666666666666
555555555555555555555555
666666666666666666666666
777777777777777777777777
888888888888888888888888
555555555555555555555555
666666666666666666666666
555555555555555555555555
666666666666666666666666
777777777777777777777777
888888888888888888888888
555555555555555555555555
666666666666666666666666
555555555555555555555555
666666666666666666666666
777777777777777777777777
888888888888888888888888
555555555555555555555555
666666666666666666666666
777777777777777777777777
888888888888888888888888
555555555555555555555555
666666666666666666666666
777777777777777777777777
888888888888888888888888
999999999999999999999999
=======
w
q666666666666666666666666
7w
q77777777777777777777777
8
wq88888888888888888888888
99
q9999999999999999999999
0
wq00000000000000000000000
AA
wAAAAAAAAAAAAAAAAAAAAAA
Bq
wBBBBBBBBBBBBBBBBBBBBBBB
CCCCCCCCCCCCCCCCCCCCCCCC
DDDDDDDDDDDDDDDDDDDDDDDD
>>>>>>> SecondBranch
